{
  "bar_contact_distance": 36.00000000012827,
  "closest_points": {
    "le_bar_link": [
      69.9999999998503,
      116.0000000001283,
      -1.2150280781497713e-12
    ],
    "ln_bar_link": [
      69.9999999998503,
      80.00000000000003,
      -1.2153912158392353e-12
    ]
  },
  "selected_frame_labels": {
    "le_bar_link": "le_bar_link",
    "female_link": "female_link",
    "female_screw_hole_link": "female_screw_hole_link",
    "male_screw_hole_link": "male_screw_hole_link",
    "male_link": "male_link",
    "ln_bar_link": "ln_bar_link"
  },
  "frames": {
    "le_bar_link": [
      [
        0.38498510052216317,
        0.9229227878733627,
        0.0,
        69.9999999998503
      ],
      [
        -0.9229227878733627,
        0.38498510052216306,
        0.0,
        116.0000000001283
      ],
      [
        0.0,
        0.0,
        1.0,
        -36.12636288806342
      ],
      [
        0.0,
        0.0,
        0.0,
        1.0
      ]
    ],
    "female_link": [
      [
        8.43769498715119e-15,
        1.0,
        6.267553143146644e-11,
        69.99999999985087
      ],
      [
        6.110667527536862e-12,
        -6.267553143146649e-11,
        1.0,
        116.00000000053248
      ],
      [
        1.0,
        -8.43769498715119e-15,
        -6.1106675275373915e-12,
        29.999999999729184
      ],
      [
        0.0,
        0.0,
        0.0,
        1.0
      ]
    ],
    "female_screw_hole_link": [
      [
        0.0,
        1.0,
        0.0,
        70.00000000000017
      ],
      [
        0.0,
        0.0,
        1.0,
        96.00000000000013
      ],
      [
        1.0,
        0.0,
        0.0,
        29.99999999985144
      ],
      [
        0.0,
        0.0,
        0.0,
        1.0
      ]
    ],
    "male_screw_hole_link": [
      [
        0.0,
        1.0,
        0.0,
        70.00000000000017
      ],
      [
        0.0,
        0.0,
        1.0,
        96.00000000000013
      ],
      [
        1.0,
        0.0,
        0.0,
        29.99999999985144
      ],
      [
        0.0,
        0.0,
        0.0,
        1.0
      ]
    ],
    "male_link": [
      [
        1.0,
        1.2531197562155727e-13,
        -6.95621202981596e-28,
        69.9999999998502
      ],
      [
        0.0,
        5.551115123125783e-15,
        1.0,
        80.00000000000003
      ],
      [
        1.2531197562155727e-13,
        -1.0,
        5.551115123125783e-15,
        -1.2062877624370454e-12
      ],
      [
        0.0,
        0.0,
        0.0,
        1.0
      ]
    ],
    "ln_bar_link": [
      [
        0.0,
        -7.746392696570187e-17,
        1.0,
        137.27085352575924
      ],
      [
        0.8662370293684264,
        -0.49963327446334477,
        0.0,
        80.00000000000003
      ],
      [
        0.4996332744633448,
        0.8662370293684264,
        1.1102230246251565e-16,
        -1.2079226507921703e-12
      ],
      [
        0.0,
        0.0,
        0.0,
        1.0
      ]
    ]
  },
  "transforms": {
    "female_fixed_rot_from_bar_transform": [
      [
        -5.636425923428745e-12,
        0.38498510058000784,
        -0.9229227878492335,
        -3.7282177345332457e-10
      ],
      [
        2.3603032933270627e-12,
        0.9229227878492335,
        0.38498510058000773,
        1.5613466075592441e-10
      ],
      [
        1.0,
        -8.43769498715119e-15,
        -6.1106675275373915e-12,
        7.105427357601002e-15
      ],
      [
        0.0,
        0.0,
        0.0,
        1.0
      ]
    ],
    "female_male_gap_offset_transform": [
      [
        1.0,
        8.43769498715119e-15,
        6.110667527536862e-12,
        4.263256414560601e-14
      ],
      [
        -8.43769498715119e-15,
        1.0,
        -6.267553143146649e-11,
        1.4028103123564506e-09
      ],
      [
        -6.1106675275373915e-12,
        6.267553143146644e-11,
        1.0,
        -20.000000000532353
      ],
      [
        0.0,
        0.0,
        0.0,
        1.0
      ]
    ],
    "jjr_zero_transform": [
      [
        1.0,
        0.0,
        0.0,
        0.0
      ],
      [
        0.0,
        1.0,
        0.0,
        0.0
      ],
      [
        0.0,
        0.0,
        1.0,
        0.0
      ],
      [
        0.0,
        0.0,
        0.0,
        1.0
      ]
    ],
    "male_screw_hole_offset_transform": [
      [
        1.2531197562155727e-13,
        -1.0,
        5.551115123125783e-15,
        -29.999999999852648
      ],
      [
        1.0,
        1.2531197562155727e-13,
        -6.95621202981596e-28,
        -1.4996714980952675e-10
      ],
      [
        0.0,
        5.551115123125783e-15,
        1.0,
        -16.0000000000001
      ],
      [
        0.0,
        0.0,
        0.0,
        1.0
      ]
    ],
    "male_fixed_rot_to_bar_transform": [
      [
        6.26100327092695e-14,
        1.0847240957974074e-13,
        1.0,
        0.0
      ],
      [
        -0.49963327446334,
        -0.8662370293684292,
        1.2520095331909475e-13,
        9.103453402190228e-15
      ],
      [
        0.8662370293684292,
        -0.49963327446333994,
        -6.95004905399392e-28,
        0.0
      ],
      [
        0.0,
        0.0,
        0.0,
        1.0
      ]
    ]
  }
}