"""Auto-generated CAD geometry data.

Generated by `scripts/export_cad_config.py`. Re-run the Rhino exporter after CAD frame updates.
All translations are stored in millimeters.
"""

BAR_CONTACT_DISTANCE = 36

LE_BAR_REFERENCE_FRAME = (
    (0.384985101, 0.922922788, 0, 70),
    (-0.922922788, 0.384985101, 0, 116),
    (0, 0, 1, -36.1263629),
    (0, 0, 0, 1),
)

LN_BAR_REFERENCE_FRAME = (
    (0, -7.7463927e-17, 1, 137.270854),
    (0.866237029, -0.499633274, 0, 80),
    (0.499633274, 0.866237029, 1.11022302e-16, -1.20792265e-12),
    (0, 0, 0, 1),
)

FEMALE_FIXED_ROT_FROM_BAR_TRANSFORM = (
    (-5.63642592e-12, 0.384985101, -0.922922788, -3.72821773e-10),
    (2.36030329e-12, 0.922922788, 0.384985101, 1.56134661e-10),
    (1, -8.43769499e-15, -6.11066753e-12, 7.10542736e-15),
    (0, 0, 0, 1),
)

FEMALE_MALE_GAP_OFFSET_TRANSFORM = (
    (1, 8.43769499e-15, 6.11066753e-12, 4.26325641e-14),
    (-8.43769499e-15, 1, -6.26755314e-11, 1.40281031e-09),
    (-6.11066753e-12, 6.26755314e-11, 1, -20),
    (0, 0, 0, 1),
)

JJR_ZERO_TRANSFORM = (
    (1, 0, 0, 0),
    (0, 1, 0, 0),
    (0, 0, 1, 0),
    (0, 0, 0, 1),
)

MALE_SCREW_HOLE_OFFSET_TRANSFORM = (
    (1.25311976e-13, -1, 5.55111512e-15, -30),
    (1, 1.25311976e-13, -6.95621203e-28, -1.4996715e-10),
    (0, 5.55111512e-15, 1, -16),
    (0, 0, 0, 1),
)

MALE_FIXED_ROT_TO_BAR_TRANSFORM = (
    (6.26100327e-14, 1.0847241e-13, 1, 0),
    (-0.499633274, -0.866237029, 1.25200953e-13, 9.1034534e-15),
    (0.866237029, -0.499633274, -6.95004905e-28, 0),
    (0, 0, 0, 1),
)

FEMALE_MESH_FILENAME = "female_joint_mesh_m.obj"
MALE_MESH_FILENAME = "male_joint_mesh_m.obj"
FEMALE_MESH_SCALE = (1, 1, 1)
MALE_MESH_SCALE = (1, 1, 1)

SOURCE_FRAME_NAMES = (
    "le_bar_link",
    "female_link",
    "female_screw_hole_link",
    "male_screw_hole_link",
    "male_link",
    "ln_bar_link",
)
